6040
10521
6357
574
4359
6959
8197
1081
1777
9593
9636
5577
3731
3465
10086
8895
3670
6197
5089
5381
8356
6459
5345
8244
7749
5464
3899
900
2054
8481
2880
8606
2291
10259
6393
469
11657
10732
6460
5238
5110
1476
5953
7837
3933
1200
614
9766
1627
1715
3948
7767
3321
4733
1195
8921
8702
2013
3117
8044
6133
2409
5141
1337
4687
6209
8917
10765
8876
190
1281
8739
8697
8925
2592
7638
182
8715
3483
7977
7790
8765
402
2908
5239
10069
5627
4592
2783
8020
4293
11516
3951
9295
11074
5036
1543
4209
4253
8031
8152
2809
830
3121
5503
8677
1470
8485
9296
3360
2420
7669
6335
10768
1493
9311
4406
496
2821
8497
641
14
11724
650
6061
2990
8764
6014
8389
360
107
557
6744
1547
2810
2312
11251
3149
4621
8043
4319
2633
11520
5134
6473
11261
937
7030
8536
11695
2123
1900
11515
4723
11369
6080
11323
3800
3754
8529
1618
11483
4835
7883
9872
8498
4220
7819
920
7158
2156
5231
3135
10707
4154
10226
1406
4863
3960
13
9193
2435
8996
10373
5777
7119
7562
2410
8581
4260
10925
1800
4956
2040
3637
10794
11767
10766
1175
4944
9390
9084
4165
9451
11674
2899
10141
11686
8821
2400
3057
6065
6421
4921
7733
3552
5291
524
4074
10548
9163
4764
9387
1394
8659
8137
10416
4158
6180
11221
8965
6512
2126
7598
3447
2632
8745
10577
3656
7230
8263
1666
10076
8074
3513
10277
3710
6716
10293
1882
10004
11689
3947
11603
10988
3519
4394
2087
8843
7460
10697
917
10860
3993
10330
6977
10591
9932
9919
5528
6220
3756
3020
1228
10452
8355
1257
5583
5457
1716
4579
4627
8886
978
5420
9510
196
10023
10780
4153
3110
6878
7404
8868
9877
4526
945
11495
10435
10400
8427
5352
9306
10177
1
2058
11085
4635
10723
6684
11596
3111
8817
422
6504
3598
3766
7393
178
690
2083
344
7353
5552
6821
8261
6568
9056
6156
8744
3435
4772
3014
3805
3379
7803
7376
10240
10599
5452
4703
11187
4836
10299
1846
1094
3383
7058
7366
5093
8036
11604
7508
9098
3173
3917
9508
1566
9947
6742
662
1299
3660
8532
4728
4017
1784
7067
3186
6208
9191
8196
2178
7228
3022
2359
2107
1607
1248
593
8011
6519
1348
1527
6912
11176
9883
11392
1383
4647
11545
3840
4953
9973
5763
10918
10992
2091
8370
9792
9188
8386
3985
6633
161
9746
9291
6441
6778
8352
10877
5880
6454
6325
1473
8154
2389
3430
7293
8379
3970
5795
7242
7673
11430
8443
7954
5835
3046
2570
3169
460
4310
9612
2232
5360
7697
2873
8542
5909
7260
4453
189
2334
5600
4490
4201
5943
6606
6935
2573
8842
4118
1868
9525
11322
1637
11569
5977
1779
5680
8204
3377
9673
685
4266
10934
53
9774
1304
11409
6186
5787
7624
960
7730
2588
1556
1285
10533
2724
212
6610
1049
11177
1817
7860
10527
2418
5629
3510
3825
1276
2578
7524
6140
8687
5753
9736
546
9780
9051
264
11000
1100
3665
1403
1040
4900
7980
4743
1105
8259
4044
1028
7844
6726
6634
6886
2163
8507
5786
8675
6835
9398
11412
1494
9862
8419
3537
185
955
4255
5999
8614
7568
7312
2411
8468
8505
3650
69
4979
6053
1736
9930
3298
5479
4581
6915
4952
11314
863
10382
6785
6435
9846
3202
4428
6987
10836
9470
7893
10840
9704
9
5563
6013
11836
2658
5655
1905
2847
522
10947
11358
1326
8841
4897
11243
11690
11190
8888
11709
8788
2351
5744
9925
9909
3690
959
10969
5413
3055
5574
5203
253
4674
3427
3614
2363
9005
6049
6694
7606
8861
8587
5244
5268
11583
3349
7720
9748
9153
1322
8709
11334
6763
2039
11319
7439
7180
9337
8391
1744
1965
3968
4414
5515
6979
8662
6298
6952
2236
7839
9647
148
2757
5523
6902
619
1316
3865
5302
4545
10997
10124
7667
1174
5618
6836
11746
11449
2125
7895
6612
8323
1252
8004
6280
7817
2628
891
9977
3329
3851
8377
8873
5351
9240
7522
1511
2148
591
11755
7201
1230
2677
936
707
7775
4794
4470
4071
1274
4000
9915
10848
7429
6862
2502
9485
1498
8896
7000
5767
2172
8720
11016
8874
5424
3852
1832
9651
1314
7934
5305
11827
6654
4065
2859
11138
8602
5595
4456
3188
8250
3863
2092
9565
7448
2536
345
4430
2812
8198
9286
10497
2884
11343
622
1020
11562
3250
5018
8891
65
1811
1372
1981
6583
3857
8617
2577
3071
6190
10984
7195
4178
10450
10263
10303
8846
914
11257
5390
7166
9922
10448
10787
9437
5005
1514
3693
7234
10181
8598
5470
8106
486
2616
8418
5646
1739
4082
889
6811
4504
1286
10306
9158
1099
10463
6922
4011
10793
10445
6265
15
9958
1824
6661
6235
5613
4176
7071
11053
3299
2743
5839
8566
2864
8312
3168
9701
4365
1265
6074
1004
1443
11729
4527
7748
3506
11175
9920
575
3634
9348
4974
4081
9425
3683
2369
8769
3123
3432
4886
756
7771
2484
6908
1804
4540
11094
8693
10809
9302
4849
9970
6544
2494
6605
8363
9938
8211
9959
3136
6098
8093
3699
9851
6845
10971
10558
3068
8701
6034
1466
11457
8757
11233
3837
2883
10927
1068
4901
10103
6791
2520
9867
7702
4403
3971
2190
4300
10712
9997
11298
10305
3740
5037
8749
612
5658
4798
6485
3187
5281
10439
3004
1723
6260
4413
6388
3810
1979
6116
3529
10295
2777
8464
11541
3645
9075
6444
7333
1604
8770
4469
4383
234
4565
6555
5693
4614
6104
3418
4398
6523
7672
5771
11165
8922
4443
5841
8207
6674
4302
7104
6882
2066
7890
10066
7131
1361
4050
1022
10150
10114
10019
7903
4792
7367
11182
9686
5622
6158
2396
8860
610
2033
5008
432
5801
10739
3130
8640
11087
6496
10646
7729
860
5775
4660
1825
9708
7173
7912
9079
7272
4746
1585
2319
5855
1612
4075
2910
7746
3843
1856
2340
2074
9086
4355
10581
7955
7307
3314
381
750
5555
10143
1687
10951
9155
3689
9854
7421
1623
5952
7068
7405
8205
8118
10189
1107
6377
6175
5386
3402
11402
11276
8780
3357
5112
1843
1901
9102
5116
1003
9241
445
2451
9615
11201
1038
6958
11124
8740
5403
5263
1963
10380
2472
9290
1959
63
10597
6965
4339
10368
1130
6464
9067
4498
1582
408
1575
3394
7540
3606
10032
10745
4251
6471
10304
11090
535
10278
1684
11476
1725
3412
3421
7607
5374
4744
2574
8794
10477
8672
7663
7021
9285
6122
501
6118
3841
4194
5649
2443
9135
8300
11211
9992
1673
8933
6018
9835
4397
9161
1479
9592
6971
6995
8354
8905
2560
1071
8131
10799
10218
618
7102
9392
10015
205
3485
9559
964
11139
10270
11741
5896
9543
7205
7026
9776
11217
8513
9002
2346
1410
10606
6112
4226
6181
9518
6336
9999
2286
9703
1395
1860
7424
10815
3120
11028
11754
3297
3127
2004
6721
7452
4350
3066
2785
7031
3618
944
1770
2919
4924
11484
7275
3520
5192
7595
9775
4155
1104
8724
1886
7344
1918
7783
6238
4802
5525
8725
3600
9879
11546
121
11619
8132
9004
11621
5788
8140
3886
2037
7446
8242
3010
3967
7829
476
9897
11797
6875
1501
11180
697
3765
3205
2528
6530
4324
4646
2675
11469
7027
5259
1849
8818
9657
3050
11645
8428
7388
2207
9810
494
8090
7056
6911
8838
4501
3928
7671
10501
3651
89
1845
5211
9927
715
491
617
3589
7105
4175
6695
8538
3016
4800
458
8124
341
9254
9454
8461
6287
11268
6509
4343
5365
4144
12
576
670
10796
8359
894
2540
10833
10037
7496
7055
2690
2044
8327
6748
274
11083
6323
4713
5152
8506
7094
9324
8584
6692
1302
2768
5587
2708
1446
10886
1838
3124
678
4433
62
7038
11059
8015
8562
10104
2489
2406
7113
7691
7841
10880
10468
1386
1128
10483
6649
11687
1591
9933
11536
4140
7590
2514
4181
3522
2979
214
159
11133
1823
2119
7491
6703
7359
3875
775
4076
7945
4085
6678
10047
9623
11575
3720
621
6943
8368
8413
4199
1082
1433
3444
5859
10789
3514
1432
6385
9614
6362
11220
10084
9679
1030
2490
11306
3555
7
7653
11049
5755
1393
2731
6148
11389
3523
5472
2164
9044
7416
3366
3262
3365
6055
10747
6103
11305
6656
4951
8900
11078
2224
7430
10173
8522
2427
4388
4932
5889
5347
6951
2142
8421
8683
2475
418
10825
6015
3243
1619
3450
5916
1642
11209
10690
3525
6408
1589
3697
6108
3871
7183
5201
4837
4012
1669
10247
3919
3588
7176
10077
10428
4142
922
3445
3397
7520
1897
10337
102
6587
4015
5992
11817
8100
32
11192
10315
8483
2988
8571
10393
7926
4639
1110
9581
8568
2068
5246
11154
11109
5945
2325
6757
11013
352
9995
5166
8086
255
11772
5921
3059
7507
5325
7786
4533
8322
10573
8073
429
70
3713
1050
5226
171
9744
5593
8108
6815
10437
2773
11363
9058
6700
3730
7423
2641
6070
1697
581
6675
7412
2799
2144
1118
2797
4511
117
9130
7033
11486
510
5476
8605
3448
10999
354
9749
3386
3628
289
2274
7391
6867
7990
8958
4494
7032
8556
577
6176
453
1153
6957
1301
1689
2664
2876
4141
4170
7575
4340
9645
5662
7088
11788
7827
11653
10320
6424
8682
7570
8738
10751
3769
8478
3325
637
4980
1792
5451
5968
11103
1280
8225
8408
10530
2895
995
7538
1902
11769
10643
1907
9332
11544
2861
5100
4826
10180
1788
5831
8281
4326
3596
11391
10007
6396
7477
5038
2659
7184
10453
2519
1367
9287
6340
9498
11842
8852
5131
6286
3240
10711
7375
5792
3762
8972
106
9860
10284
8878
6966
5248
798
3631
3042
4735
3126
6741
9162
11794
6358
7224
1269
968
7908
5592
4520
7722
1914
5730
3680
11608
1204
9312
2606
7646
509
11519
8445
10266
7766
695
6128
8717
61
11395
2281
9568
8487
11723
340
820
5051
8349
11183
10523
2790
11678
11845
4768
1908
9255
11186
655
8029
5849
8847
7458
5164
11565
347
5276
8407
3848
5913
1580
1385
809
9906
9172
10335
5070
2599
9771
3278
8969
4486
1991
11055
8330
7052
2602
2936
7153
1453
3323
3748
11752
1149
3030
11178
11760
8135
5299
9440
1973
7111
4594
8524
9447
6888
9654
4163
7443
11513
8061
6413
9945
9502
11585
2896
6161
11576
718
2904
3789
4595
2535
10615
4357
10256
2844
538
8521
4710
6025
7310
6418
5396
10257
6562
8420
3872
10354
4862
11259
2124
22
6543
4029
7587
7630
3714
11126
4459
2311
2981
10700
5460
952
2975
10752
2596
5745
6864
8737
349
6495
7770
468
6146
8935
11781
9495
1414
10806
6384
835
11813
2992
3203
6262
9908
7289
5722
11811
6494
5539
6041
875
5148
6893
7005
1052
11012
5670
2299
8190
227
7558
3317
11168
2962
4770
5737
6613
1641
7913
8431
2851
10333
11146
5502
7154
1759
6318
10896
4601
2986
6129
11179
1534
3161
11368
10271
11299
371
5741
2196
3524
11200
1741
3093
2375
8374
11679
1063
6416
11202
7465
3806
3823
2627
4049
9861
7186
4177
6085
6450
4018
5957
4825
1835
10986
11820
11500
11549
282
10423
8450
8058
4425
1006
10702
1098
2186
5922
7881
8071
5526
7687
1341
1519
872
5391
11431
8270
4205
2995
8855
10661
4173
6719
10772
9189
10770
11508
492
181
7161
2656
3929
2676
5359
6524
480
6347
3624
362
5491
2694
10118
6434
2191
5706
2288
3924
1667
11320
4250
10170
9063
8288
3925
3048
5498
7802
4374
9456
1267
6963
9315
10482
8775
3686
202
9849
3109
9742
5327
6217
3064
1478
2926
5293
7157
6797
2642
10569
2819
7129
8723
7494
7625
10427
8444
9875
11399
5219
8206
9064
5366
2531
5866
7935
9980
1264
6796
2416
7557
1827
4055
7721
7023
9534
1649
6319
391
11219
548
2989
6487
10110
1164
6551
2666
6828
7864
4655
2210
4558
9187
8235
2101
233
7885
2279
1401
3119
5048
2604
10432
1773
2078
790
9516
2071
991
957
7214
9040
4887
7286
369
109
1211
10
7984
10275
9690
8673
10415
3099
11017
5824
2703
7250
3283
816
5914
4370
1794
7053
11522
6092
743
6627
9141
8467
9770
2598
7609
1850
4892
3986
755
11329
9410
145
336
6930
6046
6600
2368
1227
727
1243
5064
8657
9074
2491
8583
5484
8149
2987
2469
2215
9220
6689
4462
11702
2185
3302
2272
11829
7419
9918
10394
405
11001
2740
1283
5235
6926
9730
7253
600
9800
6666
8952
6789
5465
3882
11184
3494
10648
10757
3623
3395
10274
7889
1097
3245
630
6984
3858
8482
1816
3396
10438
9522
2335
3154
7627
1067
10014
6305
9450
2500
560
2049
2957
10878
119
2248
6307
9813
6202
10666
3133
3672
1802
10664
11677
4970
9869
10456
6582
11065
4005
7939
8096
8674
10255
7812
10905
1891
9606
6426
1077
183
8632
4426
9346
4560
10681
9989
11413
530
1674
9946
10248
1699
2133
164
3471
9308
5346
7219
4958
11381
11370
11780
9787
5681
6659
3685
2714
4455
10071
1656
8547
3315
6948
9755
7255
146
9914
3039
5995
1550
11231
8866
2524
7951
2338
9472
6188
2470
9873
2647
6646
8340
5562
11623
9631
2056
6854
3106
9150
9687
4025
4117
3215
518
11040
7256
927
6242
4551
4128
8163
643
3808
3498
2452
808
5009
2890
9263
5842
11432
4915
1954
5355
6082
3095
5776
2114
3079
8820
3263
4701
8264
1696
7938
8027
6564
3096
5774
3472
10107
4444
4628
3437
4342
6137
6766
9294
8030
7145
10882
497
6370
361
785
9942
6120
7322
1201
5551
4859
8809
2966
1571
8313
3901
7960
8796
11436
8148
10760
11341
9445
1763
9844
10902
11838
1949
7599
5382
5963
5923
9076
1557
6831
8252
10914
124
5837
10251
4440
11701
2817
8909
8990
137
11092
5354
5652
9448
8301
2745
7449
6470
4787
9126
6986
8688
3462
9969
1254
11639
2696
4917
244
3296
5021
6059
5146
7036
7468
489
7369
11831
5994
2047
3864
10048
6880
5724
370
2625
7072
8254
7495
9023
18
1890
3316
3145
5751
3151
1455
4156
4202
4500
988
1043
2289
11745
7194
5130
7411
11044
5353
5725
9297
11706
2842
9551
10659
10433
10650
2425
8545
9123
7140
2610
4692
4121
10056
3150
3816
10095
7710
6604
11410
2928
8258
5700
10205
7490
10399
9988
2914
4434
1420
5805
6465
926
10316
4977
7523
6972
9107
4400
7972
9104
247
2455
9405
5556
207
7278
7952
3219
4861
1194
6230
6586
565
7002
9389
7963
941
10148
7899
4870
2697
5193
7193
5761
8932
58
3220
1579
3877
11803
6067
2296
10512
4786
4890
410
10132
998
4623
2257
2424
2753
871
4392
6302
1768
11507
5540
3118
4571
3878
6773
10167
9045
2949
10945
11311
2594
10792
7855
44
3718
11778
3507
7461
7740
5136
1106
6267
2772
4879
4880
2043
6480
3505
4387
3561
10310
7530
11681
5537
3749
2075
2476
11800
11625
2391
4851
9090
2295
2072
3909
890
6822
1992
10246
11383
8291
1586
1530
6279
729
1121
3896
1842
10818
10823
1426
9882
2564
7114
1168
6147
8802
3939
5815
5607
4344
1743
5818
11563
235
3356
4215
4466
6571
2959
3469
5715
2593
6848
5678
151
7853
11443
9552
1017
673
3990
299
597
10426
6669
11114
5016
1486
1471
2419
9737
6788
9511
2399
4289
368
1553
9653
11618
5189
7156
9438
10460
9266
711
1611
5810
10651
8520
7470
8218
2358
4373
5143
6715
4363
2146
11034
1661
9724
10976
5826
4314
9578
9715
10873
2444
5876
9119
3582
9173
1311
5660
11491
631
547
4658
7029
7196
8791
2408
3997
2145
6707
3087
11642
3414
10516
2581
10779
4676
7776
8679
8342
6677
521
1370
10332
9538
6405
1797
9707
2294
11137
7556
10053
9168
4273
9579
3461
6178
10204
6292
6804
415
5172
2183
11564
5138
10775
1411
5307
5579
5687
8155
4054
10100
7571
1671
706
3861
2454
7364
8285
2718
2576
3632
11024
4889
10145
57
8127
2624
1678
4988
1504
9519
10580
6547
7869
2014
8638
1431
5702
5083
6980
4386
10858
10458
8576
1037
757
7372
11064
8848
8246
7483
2308
4127
9898
4716
10961
8830
46
5393
5025
10401
11174
9881
5937
8274
3281
4516
5823
6203
5278
2513
5549
4845
4569
175
108
7518
8186
6371
6247
2052
615
3221
7077
457
1955
8052
5656
4546
5099
6221
1419
3368
5723
482
3541
1536
698
5854
9151
11568
5828
11550
4349
9327
4188
6381
9555
4528
10995
9868
3276
11340
10582
2141
2423
2155
6787
9894
1205
305
11634
2879
9600
6338
11599
8591
3508
1941
841
5430
7822
5338
553
3571
5858
10613
277
6932
9010
6107
2302
5364
9855
6783
1925
11523
1583
3266
8970
4721
1181
6931
5017
2005
3891
10137
10457
6758
4893
9824
5434
5218
2460
3439
9073
6673
11235
996
4609
4228
1549
3838
6559
8597
8856
3054
11102
1525
9635
4927
93
6801
1713
3382
236
8975
7442
2327
8107
1112
5140
9818
6939
414
8980
5249
4088
2862
1088
2779
8810
6899
8790
446
555
6617
4680
8575
11234
6368
5790
4948
3208
4624
7206
1646
442
10727
4212
4311
3640
7308
2332
346
6288
10562
5808
1458
7846
3712
2654
7215
8390
60
2558
3162
1593
3979
4270
11460
896
3585
8629
8474
10480
10133
6903
7363
2941
6007
799
7735
1884
8795
10652
3629
11643
5679
5625
7863
7833
11658
2649
11106
2377
1752
4718
5469
4949
5453
7868
6883
10830
3702
975
10884
3233
9791
1522
2397
2486
10870
3610
2278
6036
6438
8604
10381
9385
8232
504
9109
6558
10911
8626
1029
4379
367
8732
9341
11359
2062
9941
7069
2437
5057
11543
2857
8346
9740
11668
7796
1622
4872
6031
2611
9507
4839
2665
4405
10492
7991
6565
4668
1229
11270
3832
10469
1668
1610
5459
9966
8550
7713
4150
6213
3369
8947
572
9527
10627
7164
11238
6333
7245
9569
7326
4818
11594
4216
9567
11415
5478
4366
2816
8569
11100
8237
3362
1613
10461
11578
5967
11254
11142
4132
865
6346
2280
7082
5241
4262
5111
6123
8021
5315
6997
3926
10555
5058
6929
2026
3431
3509
7974
9528
3633
11502
2780
5601
9524
11093
1404
5665
2285
256
2841
5416
1606
3200
1624
1676
4806
4583
11573
3701
4034
9588
213
8229
9857
5581
8719
10985
8200
9169
7879
449
6687
11155
2313
3612
7810
5087
6782
9759
4913
6556
4473
11405
2539
5541
9603
11161
1540
8220
4248
4447
10834
9374
11043
8484
10198
2025
10161
9116
9081
7459
7302
3620
5177
1151
760
3517
11609
269
11136
3601
4585
11117
1193
8493
11095
5380
10974
9113
1010
3155
94
9607
9722
11385
2081
8721
3844
5548
8398
11128
6141
7739
11005
9658
6608
5150
7328
725
2765
11447
9274
4557
7794
2687
1026
6896
1390
2217
9583
9595
11837
4484
7447
3309
9622
9486
7892
5217
11843
7502
378
4926
4281
11676
10454
5
353
3953
9176
5310
8551
431
9768
5207
5094
6234
3842
1374
3371
6594
11372
719
2746
4062
4138
672
9446
4126
8692
4670
4875
5780
1055
6088
9217
1159
5518
2662
838
2945
4830
9152
9253
1261
1904
9575
195
7218
10153
9488
5119
2431
8114
2135
5480
1614
11773
5254
8706
1855
6003
4247
9662
10079
2080
7451
6431
4496
8438
3732
1629
4182
1562
9660
10006
3779
815
6768
10696
11640
6839
11338
8437
8567
4638
10996
10838
2169
3128
9054
279
5536
9247
4681
1870
5653
8785
6134
9556
8710
4333
10989
16
490
9888
3915
10687
2076
7616
5003
8219
11075
11027
309
8924
6475
5372
2729
11207
7731
877
11309
3090
7877
4876
2935
11290
7208
9836
8832
7138
36
10857
7177
9500
939
1161
7399
6866
4351
8914
4993
9094
5703
2911
11425
7525
11748
9963
3350
8414
8834
4197
1950
7866
9865
3706
4790
4769
11169
10630
11249
4471
1115
7694
9047
11492
947
1930
3757
11736
3591
7652
1177
9038
8951
5605
5271
4187
485
1173
837
3344
5486
1117
7804
2371
1460
3044
6126
7774
6672
1735
3241
6737
9717
1057
7106
9377
11448
9695
2012
8690
6505
2349
3387
5183
5863
2250
4421
5426
1724
6233
10669
3404
10755
8557
6832
5822
8704
9325
9996
3846
1862
2283
5272
5677
7679
7848
2061
8612
6683
8763
5349
10588
1350
7298
10686
8883
9276
5221
10607
7738
1001
10200
4940
11050
2865
4937
525
1434
10552
3657
3774
6813
7924
7371
6885
11511
4449
6397
5195
4650
5572
9049
4287
499
6561
10637
1548
4699
4973
5342
8618
211
7550
8122
7936
6697
4299
4661
9401
9474
919
7182
8616
11775
8752
11510
3560
9140
10722
8968
6599
1798
6513
2980
4934
6842
921
3043
7433
2982
2807
3170
11403
8882
10733
11580
9639
10954
4620
8525
6743
9610
8178
11330
10867
3441
11379
1686
9177
10704
6629
11434
10252
10567
11738
9413
789
910
2231
2575
3965
3408
3576
9204
10724
9144
8209
5616
7335
3355
2042
2153
3573
423
2276
7282
8249
4023
1132
8593
2082
387
2562
3916
1704
3717
11070
91
1983
9923
10041
10633
7920
4480
8171
3134
1733
10587
7075
7401
2961
2762
1601
259
2350
7152
1647
9035
10366
10930
5807
7248
5179
1123
6777
5948
6376
2984
8406
11518
3908
9901
10883
10991
8609
2095
2057
2438
679
5853
6102
3565
8589
8039
4133
2673
4159
8295
6960
6923
6050
7016
8240
6529
10487
9863
6850
6869
4698
10694
10855
737
4272
7014
3040
8035
7764
1289
985
10506
7944
11737
7012
8009
6843
8537
9458
8807
2597
8415
5864
4151
3112
11637
8982
7840
3797
6075
544
611
2139
8425
1060
8920
2492
714
2027
10418
4503
4766
1186
8195
5511
10798
10785
648
2554
8734
2402
10374
2751
10462
3695
7704
2498
974
215
1092
9921
11802
1266
4246
6276
1495
9838
9124
6218
8496
8017
3931
4811
3551
6696
6266
9208
3458
1196
8941
2634
5714
1505
646
4572
11582
10057
7534
10334
1343
3009
2461
5274
5463
4686
8423
11037
2730
1538
980
10484
1461
11612
8814
779
8102
2951
2829
5053
6005
7805
5257
3306
9549
6793
4737
7948
4166
10980
186
7834
4955
5105
8703
5444
9926
7695
10692
3950
9573
4217
1148
8670
4451
8596
6113
6552
3497
10963
668
4303
10325
6243
1111
6477
10955
10197
10237
9684
1369
1695
940
1996
748
8543
399
165
10665
1782
1966
9181
11361
8510
2269
3410
7149
10526
11265
6577
6099
5184
6693
680
10596
4070
9042
3174
8705
8610
9917
10313
4385
708
7916
7427
10175
6762
6975
5944
1658
9558
1217
7019
8045
7527
10636
5570
874
198
539
5759
10774
1415
407
2168
8226
2341
1109
8667
3455
627
8476
2034
1072
2150
7999
8397
5638
1576
527
3727
9624
1640
6299
10895
9003
372
6365
10981
11048
7880
2103
7441
5458
5612
1224
666
7261
11112
9760
2860
5466
1427
7785
10777
11713
7982
720
10094
5915
1691
8001
6227
311
4007
8185
4067
4078
9475
8582
92
3225
47
10051
1382
5422
5068
10067
4485
10421
1920
9675
6064
11839
6010
1602
5757
5710
2877
1263
5090
1438
2203
6076
3413
1023
10535
6548
10194
4316
3318
1987
8714
3275
471
3131
4147
3617
10958
9944
5252
4257
10998
10341
358
6433
8872
1559
1600
11045
1762
7269
10673
6970
2069
5282
3684
564
297
6355
7693
9260
7381
2314
6904
3206
1910
5027
8236
967
3787
4229
6660
5936
1405
373
10756
2653
6373
9179
6992
1444
5740
4227
8907
9976
5619
3780
7838
3562
11557
1031
11726
10013
4831
8761
9164
5911
11397
1654
9000
4525
7631
4347
4943
6539
5341
503
10089
664
2889
8210
6353
8172
4046
7407
6770
3258
5982
90
5644
100
11533
6550
184
5898
4774
10300
1786
6114
10783
10566
9175
10413
4483
2098
5929
5085
8504
7435
9391
8057
3015
705
3423
1934
9165
886
7317
6125
6611
5206
2079
3814
8247
2585
9981
9797
3938
3809
10168
10952
540
1136
2503
472
4390
6732
8586
10273
7640
3260
5850
9225
6538
6560
6282
10865
5766
7300
4372
9354
1630
10979
10624
8877
1468
9307
5412
4336
11818
11821
1275
9832
7280
1512
928
11096
8942
103
8887
9726
9497
7136
5671
2818
3274
8479
8202
4709
3782
2996
9837
7821
11482
7144
7608
2226
7383
7981
3198
5432
1239
4139
11725
1189
5442
5712
8105
11721
8646
10876
6020
1928
4092
3516
8615
3835
11801
7162
153
7309
6309
8728
5260
1349
11535
4659
8999
6183
9270
3540
2869
2262
8718
9428
10915
5042
6011
3536
2219
1375
4860
10169
9318
1737
10841
2162
9982
6874
6679
5868
9230
6145
6636
11451
7709
7791
5044
11111
2552
10808
10641
770
598
11849
9317
7127
5073
10396
10782
11776
9526
3192
7041
4986
8463
5160
9974
7241
3491
7455
700
2888
6045
72
11631
1253
1334
11197
9924
3974
4174
206
7714
6648
5456
9030
4452
9905
11239
6640
3289
4136
6775
585
6879
7361
5262
5199
2167
9751
6868
3958
9257
1911
1551
338
2229
11041
1387
10387
9271
8251
2967
3479
10598
1059
7532
5667
8160
10350
2329
9198
11098
10677
10485
1909
4098
7867
300
5350
6928
5728
7707
7580
3217
1729
6799
628
7092
7795
9626
982
4439
3847
2587
84
4537
6083
10801
7797
4815
3363
6348
10572
2393
10097
216
7257
1946
3788
246
3569
8500
134
5124
1315
1767
11615
2008
2700
4957
4476
11696
7185
7888
8766
7418
3564
3954
9224
6619
10254
6214
1998
4134
6206
9758
3409
2149
6391
4765
1516
9146
9665
2635
10356
10174
9050
6029
10155
11433
5013
2048
1526
292
9082
8613
9709
5701
8019
11321
4554
8449
10922
10671
10321
11051
8919
1541
6910
7126
10290
11223
8060
4395
2263
4523
9029
5814
4877
8070
6681
9418
3966
10220
4375
4338
3403
7125
10846
5997
3883
2643
10115
7929
6072
10043
1542
1677
781
3319
3114
8331
440
8746
8451
425
5530
6575
3708
4221
5682
506
4499
6154
9298
10590
8063
4864
10117
8573
3669
8472
9460
11144
9998
3017
122
2111
1688
7602
11203
11586
6096
3419
9473
1203
4589
8133
8367
9466
10203
3902
11795
10788
7481
11347
6780
41
11371
1373
4509
6506
2234
768
7876
7284
7621
9228
1953
11281
7514
5212
7904
11824
7243
4356
4785
11241
8747
6950
11288
6520
8343
693
7348
2894
3935
692
3082
9670
8452
3856
10209
2323
1188
11584
827
5168
9419
11069
4376
7965
10154
5602
5162
5029
11352
11661
2240
9366
5198
2010
6632
4711
624
9238
6969
7760
9728
1969
6095
3234
8253
2778
5142
6303
549
2154
8948
2898
10232
2112
3767
4027
4013
7264
5067
3646
1872
2094
2266
11731
11823
4732
11632
1295
2297
7117
7235
2748
8800
2386
4891
7210
8193
595
2529
6033
513
4327
4684
9477
2214
7296
5758
6430
5019
7778
7320
7489
868
8694
7656
5398
2705
7726
6056
1851
8125
2290
9424
7474
3129
6644
5802
439
4747
2367
5747
11091
1291
10967
5930
8611
4608
4130
2022
8062
8307
4167
5076
11753
5623
5440
10388
6058
10227
11819
5407
1631
6676
10012
3984
786
209
2541
6313
6387
2356
6727
4171
1574
1042
853
1573
5155
4632
2336
11378
5874
10024
2726
935
5956
5043
5133
9386
3546
11271
5685
8837
10584
6876
9096
2891
11663
3595
9166
11439
1632
2956
7578
8055
943
6173
6622
11647
2918
10642
5362
5647
4391
5311
5950
11208
10125
6327
3532
424
6291
6602
11067
8173
824
493
2901
10135
5039
11408
9661
2303
197
977
3210
5620
2915
2129
6297
4775
3256
5564
10328
4801
118
6554
6051
4115
2379
5059
8904
9396
10564
8502
7510
11826
10099
7281
10714
951
4562
5628
8116
7304
7577
950
8424
590
7725
6616
6442
9929
10576
3747
802
5993
11148
3723
10491
5122
9371
10531
9159
435
3687
2199
7504
3531
11441
9788
8565
4084
848
9841
6511
4402
8279
11664
4808
2820
9216
7090
1391
7476
6330
5663
9719
925
2032
8170
7351
314
918
7692
1605
2495
1513
3956
9571
2174
4945
4109
7563
8085
5209
8931
7428
1313
607
783
2378
3398
5833
2345
4090
7891
2846
4885
7028
2187
508
2316
2739
3351
4531
8409
275
5245
6250
1008
4983
10522
11224
8192
3197
9580
8829
7362
7499
9951
1609
7199
888
6169
4060
9234
512
6149
2701
4899
9134
9310
10008
11504
4093
2113
2572
2855
3473
10467
9778
8961
2478
7323
7292
11301
3453
3277
9061
5676
11605
7374
1198
8335
6857
316
2771
1873
2521
5504
335
3063
7629
9858
9773
1197
5329
5101
3626
7356
10721
11421
6920
2937
6578
2516
6030
6591
681
11655
4232
10672
8831
9718
5781
1308
839
9802
8669
3742
5834
2828
11485
11020
9368
10406
11002
9666
2254
3334
6456
7782
51
9783
4568
7545
9211
4883
5066
10384
6784
4833
2685
653
8648
2589
1086
7765
8899
11787
2394
10264
1379
4035
7273
11682
5450
2603
4517
9618
331
2510
3558
2322
194
6395
5799
11004
6964
9015
796
11216
10518
6380
10111
5011
10185
3914
7548
10039
7120
5661
8212
3456
9214
2782
7674
1272
11798
9465
738
10837
4593
8402
11018
4781
3760
1399
9546
6256
10473
9416
6367
10874
8380
9514
813
1400
6800
2755
8797
9936
2827
4506
993
10559
2474
4911
454
2868
11132
7342
716
11418
7521
9978
9245
2002
7659
3496
2798
6356
5337
10994
5285
5417
8660
10817
10701
11825
9455
10851
5061
3051
4844
2569
4457
11422
9409
10941
3976
759
11167
7456
10632
2681
4264
11007
905
8181
3722
10072
6596
1989
483
10807
10800
11571
11592
3912
176
1278
4057
7569
4753
794
6503
8146
5132
1520
3006
7676
3994
4237
4804
5978
1293
11743
3759
21
6273
11648
7099
8901
7385
2181
42
7586
5521
9483
587
6724
3058
8889
6642
704
1839
8224
11526
4016
3751
7472
2050
1407
1651
6501
6855
5878
2421
1338
10260
9545
4513
9027
5088
6553
8283
73
9031
2792
5611
4819
1712
5437
9329
2932
9078
6962
4547
5961
5072
3352
3295
2197
8966
3949
10443
10249
6823
4224
9866
6223
857
5970
10021
635
5990
5020
104
4164
6219
1926
8993
10287
1924
1377
1016
4613
5270
2786
2268
8051
10349
1389
1679
126
8726
5473
3992
4987
8750
9699
4508
7190
1635
5429
5191
6447
7875
7147
3475
8558
8260
5247
10514
2769
3499
9008
3108
8120
8169
601
3191
4904
640
5784
8276
7083
9265
2752
1418
1449
9812
1896
6847
4448
9547
526
3343
2707
5589
5931
3957
10034
7473
1103
3894
8077
5648
8348
427
419
11287
6086
1889
2307
3460
907
7732
728
6006
7249
4867
1565
2365
3069
6851
8047
6163
2972
5630
9893
10625
9713
9714
8215
9967
9848
5981
1384
7420
5591
1720
3253
7187
11166
8358
5933
8781
3183
2385
4113
11779
8760
1013
10791
11023
8759
1499
2353
7917
8637
2657
3964
782
9468
7758
5729
10675
7932
5129
187
2848
11497
4971
11560
7001
3879
9817
3320
2430
5178
1396
9535
1002
250
223
3518
3417
11461
365
8676
9323
10906
4869
3649
1232
317
7905
3284
2878
3607
2158
6567
9420
8470
6961
7854
5117
7268
3175
10892
4857
11683
1481
10397
5509
6165
11496
8278
1451
9907
7716
8733
8103
8059
2833
5050
5454
3100
1507
5599
7493
5439
6546
2921
9975
2557
7295
3921
416
8166
4778
2905
4788
11349
7849
2090
11345
3741
11465
10361
4283
10087
10242
7537
4878
9201
11588
7985
6042
529
10778
9277
5704
2892
430
10761
2646
6246
8194
5631
787
9441
1065
8471
8442
7809
6858
10058
8473
10953
11295
3836
11796
9196
10151
10128
9233
5320
3041
7976
448
4002
6927
10626
7471
1765
9928
11292
3826
10070
4935
9590
3003
10511
11252
1356
11501
8121
7378
7438
4755
5519
1755
1258
556
3719
1138
8076
2440
836
9068
11635
9272
2723
9467
6820
6143
6881
1096
895
10909
10228
588
1075
7313
6417
10786
580
6941
3547
20
1903
11489
8227
1758
9282
5401
5971
2241
3073
10668
6481
1339
6331
10959
4803
10738
2504
5408
4563
8092
3791
2761
2525
8898
11809
10605
3855
7137
4950
654
5573
4124
3904
3070
4328
9463
8241
2471
9429
11616
1938
4834
6499
1701
1238
6094
1594
174
4758
10699
9118
8930
3776
8592
10928
1452
11317
10230
7655
4905
699
10831
6269
6981
3425
3752
9283
10324
596
24
4610
4561
375
2457
10239
2691
3775
5533
882
7815
8671
543
4265
885
9983
5512
9506
990
5698
2242
10028
7318
9408
11009
7085
7947
2651
10123
10176
401
6488
10359
1769
11108
7482
2270
10644
10083
8955
8183
9007
8678
2561
8324
7487
2287
9494
7386
11814
4626
2893
2744
10105
5385
5075
6947
8156
8286
11194
1368
11036
8357
10541
11417
8435
7996
10363
4776
5492
7628
17
3874
9481
6144
6942
2805
7961
380
3604
10544
8918
4219
1359
10805
1718
6427
156
7008
6084
5597
10574
43
11376
6343
7116
6945
1134
11286
3125
38
5560
11830
10742
8161
8730
1047
11714
9471
4236
10634
5049
7678
9493
11052
2392
1570
4941
9482
10165
6437
3549
9777
7258
8827
9542
1246
8429
5419
374
9743
1664
3474
8321
3189
4348
4712
6035
6891
10098
10736
1245
3828
11073
10832
355
3527
3833
7684
11847
1727
2605
5524
7123
7124
4750
6860
2682
11553
1483
33
4384
2193
9462
7813
1402
66
9197
8574
3101
5731
2051
10931
8094
4740
10472
9320
10898
4729
2099
2623
3184
3733
7793
162
312
3834
10863
7861
1707
8104
6794
6502
4619
9273
1187
11472
3567
1927
3049
5000
6967
10510
2073
3440
142
1210
2017
7262
7831
8417
2364
2836
1999
4582
10942
11688
10762
6090
6614
9683
10539
5893
9227
11680
5323
5295
10042
10529
2823
3876
1327
6164
10352
10926
8222
9629
3335
11540
1116
9339
4598
5202
257
6918
4673
8184
6440
8315
8233
5586
498
1923
3755
6998
4705
2063
6532
7768
11751
9756
4855
762
11833
7979
9753
636
6588
2488
7354
3784
1497
5139
10025
2318
8430
4275
8158
5697
6198
228
6411
11
8153
324
5336
11548
7079
1916
6722
7572
4975
8168
7115
7743
8535
10268
9585
8385
1221
7240
10398
2487
7662
4233
4796
1834
2712
4842
1740
7719
8040
5566
7159
5499
11720
4069
4073
677
1376
10018
1929
10353
5335
441
4522
4578
3361
1554
329
6312
3146
2758
3094
6521
6097
10524
5973
831
4393
4994
1207
8298
6401
7705
10495
2244
7742
963
11245
5118
10171
10852
7325
1150
1680
687
11303
11606
10517
260
6320
3104
2590
3622
5225
1139
10829
9931
6853
3613
10488
11717
7997
3235
130
9617
7267
2931
394
7898
10281
8992
2679
4064
290
6392
2813
11380
4843
10389
3280
4999
7565
10950
7380
3196
2822
4954
583
6759
9338
9453
4708
4120
638
10291
7910
8038
1915
3599
10683
3141
6363
8893
26
2390
3381
11758
11237
2887
11253
3091
5448
10009
7417
7859
2436
7639
6240
9950
11667
9499
188
6236
10592
6443
3373
39
9711
7554
68
7842
6304
5286
8165
3884
3530
7133
2806
6803
2530
9305
2355
7865
2433
11538
319
4555
10968
5449
4929
5468
11527
6339
6000
1124
9111
8297
1108
4645
400
1675
27
2789
5224
4663
1781
780
3750
5267
9138
4596
9206
2426
6936
7191
5754
4969
2998
10812
8599
5932
8147
5474
2209
1975
6983
954
8580
10924
285
3291
5306
7112
1087
5830
2282
9540
8653
2201
4515
6171
1917
2837
629
8347
2357
6073
2969
7506
4493
1095
8448
6352
409
9903
6382
7636
10946
9702
10741
6623
8943
10217
1865
3594
6720
8465
10734
11846
5955
7533
2756
4902
9426
9804
11206
986
3026
7612
897
3012
466
9530
603
11411
6177
9537
847
1490
793
4865
10897
6723
6701
11242
724
4315
1728
7700
9184
9591
741
120
11327
3804
7059
3028
4761
2684
9292
9716
9829
8758
10395
5428
7519
6630
8708
9515
3550
1976
7781
8392
3995
8462
10802
5062
7645
8372
7712
3137
10375
7259
5334
4438
4722
8636
6871
2645
10434
7529
9052
10844
8630
10045
9069
6351
9397
4125
8488
9509
6631
6988
8973
10601
1364
11140
10649
4809
2565
6271
1772
11099
1721
3674
2439
9619
9083
10186
4714
9667
7633
5879
4043
8110
2515
1208
4544
8042
1083
10360
10126
10685
2108
4741
3232
3544
3869
2944
7835
6131
4318
7900
11189
7541
4611
1793
852
3470
9640
6258
5103
10478
8025
2722
3568
10820
9093
8621
4051
4731
3269
6185
758
7301
7957
10052
5015
10120
6253
3648
3893
5738
10982
6663
2036
7274
10403
4213
3255
2711
11172
9336
5287
2059
4460
7825
6549
6626
6991
6277
10691
9769
4996
2776
5298
4590
8455
9117
5719
10816
5793
2499
5756
6449
2321
6317
11636
9331
2800
1853
7486
6196
9103
1521
11660
1236
7658
1450
1024
2130
9613
8141
4072
5261
2414
1746
5983
6199
7276
8572
2031
3839
3230
3391
11278
4330
3566
3244
7050
6361
5495
5900
9723
9627
8494
8741
5340
10424
686
4805
1948
265
4604
6406
8049
1894
6483
2526
10551
10553
7788
9689
3815
4535
4040
9128
2854
9016
4053
2655
9194
6063
9170
9085
4938
659
4997
5637
1620
9803
8
1397
7037
6597
4871
7862
1815
426
1861
3682
3983
2671
1883
4238
6535
7492
11440
3477
8117
11477
140
8360
10662
5634
5875
2922
2538
4919
7485
7553
5608
3673
6924
6360
4967
5546
10744
4763
9121
2615
11834
4195
7579
10978
5650
6954
7220
4918
11181
270
7098
1335
771
867
7244
11662
8296
4946
6254
10715
4103
6698
4207
6990
8976
5862
11419
7373
9288
5127
6162
10717
5912
1944
3452
3019
9801
3652
7336
5513
9293
388
9132
11193
10850
11740
4337
9990
5690
10534
8273
8711
8109
10314
10208
157
5230
7408
10033
10244
7440
6870
9299
8771
6668
1033
4137
6054
9697
2670
2160
4378
9340
7013
4906
11113
11420
11291
5895
1306
2608
2157
4821
11310
240
9789
1255
3374
5903
5174
1066
5873
3930
2376
4888
1353
8579
7642
7878
10695
3328
8075
262
1027
10579
11633
8490
8533
616
669
11749
2501
1113
2328
7970
647
542
6153
8111
573
6044
11828
8053
4510
9101
7715
6110
9822
1921
5357
4894
8959
5348
5946
2737
7303
4715
7251
5229
3147
2882
912
2545
3018
245
2343
8647
10658
4161
4259
219
10405
9674
11225
1262
644
8641
4371
8808
8325
2710
4982
6643
5113
5603
8266
11450
6536
6463
10323
325
1457
125
4432
5081
10269
2537
5886
9965
8867
2106
5590
11159
10190
11081
7109
8480
8735
4907
9362
1122
9089
4278
6115
2568
3311
11494
6350
298
4079
2109
983
8707
7741
11617
11015
5918
8754
8650
6043
9691
5294
5161
6976
11105
6498
9160
10082
10234
2532
11351
2875
2909
437
6132
1357
3812
9131
6671
8643
7623
5128
2548
1428
4478
5578
3060
6792
842
7886
5694
406
8016
7043
2620
7973
9489
10166
795
1506
909
11266
7902
11475
1799
8691
6621
6887
1957
8174
4799
8314
9620
3647
7564
5632
2102
6528
5007
2200
3364
1448
2467
2265
2968
3829
2963
2348
1652
1231
4873
9913
5558
10929
6859
1977
9026
1472
7745
2089
6753
10282
8517
9940
2985
5488
6142
2626
9065
642
11766
3292
3621
343
1142
5721
5791
7967
4267
9267
1141
9261
7397
6755
3792
10674
2300
266
4234
10131
2213
6895
10002
8722
7060
1789
3332
5402
5421
702
8151
6245
9890
7454
10936
10933
3818
1129
3793
3342
11656
571
10771
9001
4637
7752
5010
7222
3781
2663
4095
1561
10402
7457
5610
9436
11675
8736
436
4341
6620
10311
9664
6713
11505
10211
4407
3952
9145
10781
4985
6403
8393
9892
4942
40
3156
528
3885
10730
4325
1871
3272
8751
8466
9487
5884
8439
1599
8065
1848
6738
11188
226
3305
1251
6119
2407
623
7925
3326
11244
11716
5908
8375
7006
7086
1787
7150
9384
9871
3076
8361
8995
11058
5614
3961
1719
2493
3348
11671
4841
10407
4697
1685
5092
7511
652
6328
9757
10030
661
1616
4850
9236
7871
541
1818
11307
2952
7211
2015
6764
11406
9785
11205
6493
5882
9412
4840
8275
9971
880
7801
8927
11525
5840
1277
3271
9570
2600
8777
2824
11162
1079
9796
10543
166
5321
11282
5940
4960
6615
2384
1881
9252
4726
751
390
10372
5283
9070
3065
4612
10378
7394
5857
9149
6489
1877
4965
5301
11086
10920
2018
9727
3222
5711
2482
3644
5376
11610
6151
10891
4630
139
800
315
9754
844
11744
1392
10921
10885
11707
4080
1819
5659
8548
9874
9564
8787
7065
10344
2370
11620
1260
10038
10216
2128
4858
6557
11555
10357
7007
6066
5617
4615
6071
7118
620
4930
6817
3936
3664
1734
9672
11275
241
3942
3346
2843
10835
1158
8793
10890
6865
712
5171
3490
7168
11427
5313
2466
5236
7921
3677
9114
11240
1119
6194
1167
8936
4189
55
4297
1558
3484
3153
5312
8046
9231
3282
5517
7202
3354
1970
11129
3157
10261
6
3340
5273
5643
6022
10507
5785
3849
5153
1690
2309
3267
11577
9207
1206
3027
3888
3654
5332
4995
1056
1535
6482
11325
2834
11730
3380
5121
4145
10050
4033
9577
3770
11246
4317
11529
4284
2428
8928
2591
7223
2161
11806
11614
7048
9492
3768
4042
11366
8454
10429
4773
5485
5951
1531
1126
5713
3238
1750
3257
74
6017
2661
77
144
2991
2374
1539
9309
5196
8366
6268
6270
3152
3923
2422
5151
3763
4276
1058
10327
4031
1888
10036
9536
8890
7914
773
8328
7535
11739
1748
6657
7270
6772
4679
5641
4780
10109
2775
11046
3122
3583
859
6913
7677
9316
6490
11377
10000
11832
304
3195
2508
3105
5304
1796
2093
79
10339
828
11481
10960
9469
5317
1144
6281
1801
2388
7583
11487
3503
5033
6637
7668
1644
8382
586
1692
7763
1235
10358
9825
7047
5642
10769
8633
5319
10163
8326
3308
7635
7379
862
413
10414
6589
455
5542
7832
1572
6275
5041
7160
11185
7406
1032
6819
3451
6432
2165
4322
11097
6680
6354
7824
722
5645
6652
9147
2614
2550
7987
5200
10746
5739
3389
11705
9033
11652
6771
7962
7603
8815
4881
11835
11762
9634
8041
8208
5054
2344
6618
6157
5170
10919
10222
2464
1625
5326
9095
5214
9205
7066
1964
5692
6781
271
10081
11227
7080
606
2607
11269
5770
4244
10776
10385
10542
9899
4335
5436
11756
10500
6389
3698
552
10383
4848
10296
8912
2138
3907
4631
82
230
8411
5684
2542
3
4791
9808
2953
4644
6890
731
8491
4777
1413
11848
2903
1180
4720
1125
8634
817
562
5668
9246
4401
398
1025
2660
3999
7585
2496
2064
10229
1137
2306
5243
2544
2434
5582
8779
4847
11386
8518
1615
8024
2832
11315
6805
7170
5565
9805
11039
2853
1942
7958
4179
8559
1477
278
8447
7403
11010
8772
3512
5028
3608
6537
11542
8954
3807
1648
3304
5947
9820
9343
5423
8863
11401
6062
5743
9895
8649
11488
7823
3746
10317
10540
5899
3548
10202
133
10283
1019
1133
11308
9878
11115
249
2938
4695
5284
6595
9415
9856
3052
6751
5733
8903
989
1309
11156
6187
4242
1761
8514
8897
5571
8400
4102
5768
5289
8853
7334
10937
3429
3037
6525
2766
8007
11332
2695
3036
3310
4110
4239
11444
984
4813
7718
4180
1381
3630
1465
9012
1528
210
9313
6996
8540
4021
1945
3290
88
4671
3668
3972
11255
9359
6795
243
10345
7414
8622
11644
8089
10474
11354
8119
3178
8570
4914
7287
11812
10600
10748
6570
10250
403
1588
363
3084
9815
11764
8216
8067
9961
4463
2735
6100
10338
5773
5926
9379
11783
4577
9108
5726
8603
9326
6068
5621
8336
5974
11452
4512
1146
6491
5269
9319
8940
5606
9057
4854
11763
9680
5126
5056
6752
2182
2741
2583
7233
10183
3557
6478
8126
4094
7352
6077
6938
3811
9402
4240
8804
4301
10810
9345
4757
6638
1700
4521
1518
8262
5531
6580
11471
11626
6182
8823
7647
10910
559
10481
1628
9904
1213
7617
6290
225
4279
3502
3881
1089
5069
5883
2252
791
10575
5569
3185
8957
6872
3773
2189
5339
7727
2173
389
9464
6105
8150
9819
9239
7042
5175
2264
5664
8164
9886
8945
9203
2925
364
2298
7172
4122
1354
3726
2432
8681
6409
11145
3666
6379
6263
2170
4704
2693
4415
10475
7989
3482
10888
4346
7415
11316
7345
5919
4536
9060
4677
6897
3577
4587
822
899
5333
8783
10990
11294
5392
511
11057
5813
4106
10912
7964
10655
5467
5004
3716
3824
9952
9548
8552
11248
9156
5318
5462
3778
9430
2230
115
1475
851
4135
8753
1271
7683
85
5414
9843
3570
2533
6807
2104
6655
1009
2382
8410
11312
2225
6563
11335
7437
4925
10035
7581
1702
3116
10340
4827
1296
6747
5520
6390
10709
9814
200
10386
4261
10620
11791
2326
8516
4353
9269
5984
7762
1738
6852
9763
6653
3905
6207
1492
7238
1331
470
10720
1577
3098
832
11382
8902
1590
8508
8644
9357
9314
1753
7995
4036
3159
2009
321
3251
6172
3113
1852
2292
9202
10790
2738
6730
8798
1332
481
9733
3478
4570
10090
5446
10875
5598
6285
4492
2648
3378
6517
11110
6212
9721
11665
438
11337
6826
6289
1015
5375
9143
2361
8460
5705
710
536
4730
7978
2713
4727
11512
2958
9594
9382
4524
1323
9250
6407
7076
9393
4024
3753
5996
10379
763
3148
9582
1885
4087
5237
5169
5987
1216
8908
1284
2929
9762
6081
767
6155
8013
6224
6167
3463
8530
11346
4599
892
4028
1220
1544
9668
10881
4364
2372
4026
6526
2188
1371
2403
10916
4305
1233
5400
10570
9275
11101
10645
443
9427
8230
4912
8282
903
6192
924
313
2
10156
1864
293
239
8825
3978
8840
9014
7928
566
464
11121
5750
4169
1073
688
8624
11289
8091
7807
8489
5576
5975
462
9512
1745
3543
5461
4607
10684
9148
9183
1127
11458
6216
2997
7549
7285
1659
11170
6179
10068
742
3199
7777
10440
173
10682
3777
5012
1608
11470
6507
2571
634
3007
4909
8214
10866
2788
4541
2977
8578
3578
10225
10430
7901
3854
9480
6486
11570
4399
9949
3906
10223
819
7188
5098
10017
8819
7509
76
3213
2512
9994
7247
10603
2736
3248
6412
2754
447
6670
3415
1951
5778
8299
806
7637
7189
8302
4321
4411
1442
9642
1496
1774
10972
350
9806
7708
3545
10329
2650
11019
3911
7971
5734
5797
6590
7701
7434
1780
7686
4502
1584
10499
4295
1416
4920
11537
3433
3870
4947
3209
1039
10688
2206
8983
10074
1365
6974
4477
2152
5065
2881
7445
3008
286
3406
10238
8458
3487
8950
10091
10725
3327
8064
5716
5223
3466
8088
7305
1595
287
2920
6999
7922
4771
9215
11784
8128
10061
6372
11638
10116
5447
2940
5157
8963
8231
2412
3181
5322
2866
3312
3771
412
10554
9939
3077
8028
5885
308
4019
6603
2352
9399
11699
128
7750
3246
6579
3420
6364
6734
4896
4203
500
3088
9036
9360
810
10773
1537
8054
2401
5891
3480
8129
8824
4656
8729
3411
4972
3918
7425
11279
7035
9459
1166
475
10191
916
3080
10060
1360
5078
9229
8755
774
1717
6101
10347
11153
11777
9853
8271
9242
4168
6827
8143
2331
1011
8305
10889
5867
11360
1986
3515
9365
1732
9993
5550
821
11062
3850
5920
3179
4553
6136
1626
10654
10743
5691
10258
1212
3115
3691
5626
2284
6705
2442
152
1524
5888
11120
9954
4271
5986
1546
701
10280
10196
7500
11263
8139
7660
1298
5998
8799
2787
4292
9378
5107
1041
9663
6740
2202
10861
7212
11759
4475
1878
11061
4461
3887
8003
8911
5890
876
4963
1487
4014
6359
3167
9598
6968
10442
5242
4274
5817
78
3725
8773
1288
1268
1657
3032
6121
3035
7146
2923
7091
5588
8177
11127
765
5783
2674
4089
5091
9782
2220
8635
87
8879
9889
3639
4418
2362
1330
9529
1441
1317
1179
8290
4008
11374
7724
5803
3288
5405
10753
8033
8081
473
4605
5190
6448
7306
3097
6229
6798
9370
2121
4725
11350
10490
6106
8095
10887
10219
3424
7543
4683
11697
2485
10853
3897
5752
4362
675
6776
3468
1997
393
8069
7993
9850
7213
11198
9262
4211
7200
8338
3393
5144
8238
6917
7956
2927
11071
6239
11590
9643
3943
2793
6127
9186
10608
3358
8631
2055
9009
2180
4192
5881
4091
7057
545
10192
3703
5378
9972
6978
3831
229
8079
254
5764
2019
3303
8399
1249
4653
1325
7151
116
2721
3102
3023
674
9935
9300
5471
11808
4822
1639
4617
1751
2246
9625
4634
1366
1706
4793
10308
4700
8858
2978
1176
777
8512
2631
594
1469
1078
11733
9589
8050
9840
10459
4575
1053
6647
11122
9539
1940
856
4625
5872
6686
4352
1653
8008
10610
6658
7555
3739
9504
6027
9911
9452
10449
4616
11030
9048
263
1912
3337
9887
6047
1756
3822
9541
31
288
7216
8304
2974
163
2617
5014
8511
1489
10977
11532
5976
8544
11650
1191
1430
2085
6052
4588
10750
45
1076
11300
384
6284
2227
11035
7975
10288
10719
2849
1634
9902
1814
1869
6394
2347
8401
915
7103
2523
8666
5633
9303
3313
2238
6241
9533
6492
9700
5651
5510
11786
10213
5906
11558
2954
5096
7265
10318
3307
10465
5847
6237
9364
7737
5120
1422
4989
4643
5379
11704
7517
4968
6306
8509
7198
881
3625
8112
3786
2479
2622
5181
4193
6664
1093
417
9725
281
467
6919
4313
7723
2955
1961
1242
2507
965
6581
138
1545
8642
11559
6569
6329
2021
9361
7045
2699
9916
9011
2354
1480
9705
9831
2060
8436
9798
1085
3226
2999
10147
96
825
2380
8339
11734
5389
10231
3336
2415
4218
9301
11273
7648
10578
7004
5901
684
10498
463
4258
10245
11429
8396
4198
8665
10899
531
180
1655
7217
5074
4992
6462
2446
11393
11063
3426
8289
3758
5265
8782
2566
3330
6296
9039
2137
7747
4148
7384
8026
3492
7175
6419
5609
5106
11438
7858
11718
7593
797
11765
1683
563
7605
99
6252
9097
10737
5969
4416
2277
7941
9112
10970
9025
56
4419
5483
4489
5222
7949
8527
8625
10080
10749
5377
5500
7582
6809
11446
10106
10212
242
10657
9115
2016
7923
1854
8083
1568
3711
9406
8539
8661
10411
7688
10160
10609
1947
8341
5125
747
10241
9681
11597
1867
534
7680
2584
8293
5989
11236
9431
2917
4354
8685
1484
9328
1423
1887
6469
10285
11356
4245
5425
7110
4487
10839
8826
7497
1820
10243
4678
4923
5699
2638
3678
6712
6124
10903
2468
7061
4298
7561
9213
10298
5204
5917
4206
10470
8037
10528
3061
3611
4345
154
411
9732
9133
54
5487
4086
3802
5742
7498
3488
113
4404
11274
8859
671
5399
1906
1503
7049
8475
11134
502
11742
10369
1500
4629
10236
9182
4309
9633
6428
392
7651
10390
2672
7266
2767
8698
2678
10026
1933
5910
9912
11333
3454
10616
8145
9953
4039
1214
30
532
9859
11654
8142
929
2916
8515
8433
10505
5825
5030
2609
10639
7062
6708
9747
9827
7130
10343
2734
9278
8334
7744
7387
10556
9435
11256
3285
11152
6779
3991
1297
2702
1135
902
7626
7559
4256
5838
7601
5292
252
127
5052
6332
5762
5228
7025
4853
11033
10515
6009
843
11455
1342
9237
1563
3218
1993
1440
3459
1034
721
4736
3821
10731
5686
1726
4047
4185
3254
4538
5328
8477
6261
8329
5135
2084
193
10331
4048
7699
7073
6921
4190
9628
11210
8332
10560
6422
6472
2065
5635
8412
2228
9735
3859
4916
5026
1321
10065
10003
2835
1919
6824
8998
11479
4389
5022
7346
6856
6445
11672
833
11685
10894
906
11423
7467
11407
1502
3436
10362
10965
769
3401
2946
337
9088
3696
3293
10824
4162
8534
3164
5585
10419
7634
4548
992
3190
6016
9816
6810
7426
3216
4542
5266
3671
7856
6476
6089
1256
5373
1329
11822
4001
2950
1555
67
7358
7661
6541
1711
1581
3428
49
5636
8865
3889
11539
9761
7591
2750
4556
6321
5870
3681
3574
908
11088
9544
7236
2198
2239
488
10158
10957
9646
10718
5941
10901
3658
6901
11493
8416
9630
5736
7968
8167
6093
10758
10029
10828
2310
6032
1708
6322
9632
4482
7046
9885
2497
7299
9013
11025
9422
6844
5964
10447
59
4696
3341
11445
6205
1344
2720
10948
11355
9248
6949
6746
1936
248
6500
7396
10044
942
4649
5173
9557
4584
1836
11296
11453
7505
9656
5445
1766
4936
11613
8789
4208
8623
971
2668
1831
4532
1184
997
10568
5816
826
3619
7851
8880
2803
7368
7357
5654
7017
2166
7263
3176
11622
8553
7696
7552
10188
4396
9799
11054
11551
2339
6386
5441
3663
6702
7690
2601
11387
1114
1303
11561
7370
5749
1935
6414
1064
3553
7074
6342
5669
2994
956
6745
9235
8588
8269
8577
6667
7169
7171
7009
7165
6728
5836
973
7597
9018
10364
11357
933
2732
4056
1840
9706
1021
11534
4022
1771
3273
11528
663
7246
5394
3737
9449
10075
7462
5568
10819
5387
505
3675
11708
10698
3486
9696
6877
4742
303
7024
3138
5418
8836
6039
48
158
10561
4760
660
3977
9032
8851
8457
10355
9811
6201
11521
5082
4866
4030
5673
6849
8938
11673
6191
4829
5123
4107
8034
11365
1222
6846
6515
3627
8082
3920
179
7167
6024
11250
3322
11336
8985
143
3053
11547
10494
599
8492
1120
7826
9072
5928
3795
6087
1828
5256
10215
4468
3853
10022
9106
3457
397
10618
1663
6446
11514
3860
6225
11841
3264
9139
9256
9417
7942
10130
4436
8316
2933
3704
5924
3089
6248
2831
8187
8806
150
7959
9218
2900
804
713
1202
1731
3830
2934
11011
7551
3941
10795
2110
7503
1913
10949
11116
9034
6078
1866
8257
2976
10322
8245
605
3132
7604
11384
2830
10619
1240
11021
5035
6812
11698
9195
1018
10410
2417
9669
4745
2747
8191
805
3602
3212
7291
5819
11442
6933
4654
224
2872
934
2315
4856
2259
7734
6542
3301
2582
3339
7227
3559
6272
1170
2140
1974
4810
5024
3653
11143
10871
7649
4131
6774
9503
5939
25
11474
9513
6533
10027
6833
4739
3542
5427
3963
5156
11464
2395
2518
1408
5165
7772
9457
333
9566
8005
8006
9251
9934
2337
11228
3700
2546
10842
8432
6545
2870
5904
5210
4288
8469
5925
3268
7515
9884
5188
2886
3211
8388
2983
5331
4662
7337
6091
3556
2749
5640
9355
6345
7277
1273
3945
5409
6222
3597
11790
3029
7918
11804
9491
2784
5516
8651
318
8010
9794
7100
665
749
10119
5330
550
4576
2275
651
11147
8937
8686
302
8849
7566
969
1510
9330
8816
2669
4329
5194
3142
7400
2131
3533
507
267
5905
6786
199
7531
788
10983
11574
3944
3989
1101
4423
1300
1990
8267
4210
1347
10784
9017
3873
8939
2709
6749
5954
7681
10312
11344
9641
450
9372
10939
377
9373
2116
4111
1398
6662
855
7983
5250
6973
5557
6838
4096
10276
7512
801
5489
976
3024
5397
8130
9839
6210
11503
1560
3324
803
649
8768
3286
1592
2913
4898
484
887
2086
2794
1345
7501
1305
850
1564
717
2000
2383
739
3785
9222
1937
3193
9501
6704
11554
1425
8364
5980
6709
6278
3796
11774
6761
323
7365
2804
3493
4269
6231
4186
10471
9956
11600
3163
10309
6057
1380
604
1178
8072
2029
1617
6718
10845
11770
2644
2177
7542
95
5275
10297
5985
4119
7128
854
2942
2971
4738
6301
5666
5508
9937
5927
9421
8376
2221
5657
2205
694
8964
7675
6628
10224
5639
3399
9289
8713
4474
1061
4966
5095
7998
10547
1163
1336
2527
6259
6193
2251
861
6038
4717
5182
1898
10348
4618
3501
9171
3204
3074
5782
11816
10464
11462
11003
8762
811
10663
2704
9020
6685
883
3083
8317
7350
1045
3580
10064
2195
6733
9280
10179
6834
7584
5186
10326
2716
7355
4693
9553
11390
6001
1185
8627
1464
7644
3982
5718
4665
3973
1874
1439
584
2256
9100
5137
3300
3636
11459
11123
4807
1722
6337
7097
2706
1007
3229
8696
4962
11593
1693
8292
9692
966
6830
1587
11414
9137
11163
8337
3376
10127
6023
7873
3180
676
3400
2001
1985
1292
6326
6925
8655
5897
7596
1569
2235
2689
1567
5892
8101
5145
2159
4367
10078
2993
7784
5370
7800
1160
4223
10617
8446
359
7163
10441
8590
2046
11160
6717
3819
11119
4734
6592
4820
10571
2330
5505
7330
2249
5475
2586
5811
4129
9979
736
766
879
3572
7685
10292
740
7070
386
1244
1488
7931
7546
7197
2143
7872
6228
4446
8884
11581
7324
10827
1143
6341
9985
5288
5388
2763
10010
7231
5575
5316
123
5717
9476
1169
2445
7650
1776
3165
5806
11398
2120
8608
8869
11719
845
10943
10138
9648
6688
3554
6566
3481
6516
7096
9560
10938
4038
5071
2070
6195
10586
4435
11326
10479
11732
2147
1199
396
4
4465
11601
9962
2028
50
7327
5522
5554
2003
6735
1858
3813
9190
5115
11463
3734
2960
1952
9741
10146
420
5443
4817
11792
9795
9572
2030
4752
10409
3922
1358
10623
29
7463
2453
2024
1152
11670
5746
2728
8845
5290
4123
10602
5794
6682
8256
3845
4231
9180
11164
10822
2717
6264
10063
8217
129
1760
9842
568
11771
9394
8684
5086
4691
10940
10767
5208
2733
732
11506
9616
339
3476
7845
8333
846
7615
10563
8351
6510
8440
10377
2612
2715
8441
9334
6574
2930
9388
6706
1102
4908
8864
2871
5580
1157
6399
2429
884
10545
2563
8885
4622
8944
8243
11072
5079
4417
2825
11082
3959
1660
2808
11022
2791
7480
5255
10142
10408
7539
8967
3940
9062
5727
433
251
11807
11262
3584
5962
6159
4933
5045
6138
4063
632
1155
9219
9268
8594
5772
9200
10565
6576
8619
8654
9986
1172
7392
8801
6300
7969
3038
3442
10962
8434
191
5615
3910
376
9729
4041
2041
744
6048
2973
904
7894
6295
10814
7279
633
2511
1662
6028
2781
7909
7814
7614
10207
10206
4641
2192
6808
327
7225
3799
7759
869
10713
9221
19
5559
11258
495
1962
579
948
11353
8203
451
1388
1459
4868
7874
11150
6635
7654
11466
7657
5902
5187
2727
9356
1279
11552
1485
9790
3988
11060
11400
6308
4984
10509
6378
2613
5506
8213
9833
9876
9021
818
6767
8255
10864
9554
932
11284
8805
6497
10856
6907
7927
86
8699
9249
1320
4382
570
1051
807
2534
5501
8960
6825
10302
7757
6457
1875
11214
6816
11229
1730
8585
4812
5240
1636
11611
9185
4323
4832
6400
7547
9167
6639
1968
9637
4651
11659
1994
328
10085
613
608
523
5114
11260
7620
3467
7933
6484
8523
3801
192
7315
4450
4998
4429
657
4320
4020
7413
10178
7003
5234
10993
75
6204
9367
3224
4514
2007
9710
11283
8712
11348
3955
4146
3333
2907
10046
7078
7544
9767
7884
5060
6404
667
5624
9461
1463
1859
2906
1876
961
3270
1241
3359
7852
6989
9608
8607
3249
3539
6818
7314
4009
7089
7664
6315
3892
1705
10253
3002
11467
1829
5410
5938
8000
10195
11302
8971
10370
10162
7142
7431
10164
764
452
6916
3172
3011
8554
3388
4277
8381
83
1259
9363
7360
3761
6956
602
10907
3827
10872
10538
858
7816
10879
5358
1980
10557
5596
9659
2795
8032
4409
6314
2939
7618
7207
517
9587
6934
8994
11579
9604
1270
1310
3021
1131
938
4690
2852
4291
7600
8272
5856
8362
9347
4454
8601
4939
8499
3605
10088
10159
8689
2208
3616
4196
8541
8320
2505
11324
11785
1005
2522
7897
3715
4294
1791
7204
2559
7343
9321
9479
5543
3261
6293
10301
10367
1183
8949
11199
8833
5080
11589
1225
1837
8528
11509
3242
10708
10371
7444
35
8403
2477
11710
434
10764
2194
7121
9442
2100
10351
11566
5709
3171
11191
4779
3738
4828
6863
754
8664
11171
9520
4368
11056
639
5789
3996
7349
11666
9019
9028
9192
5384
1192
2867
4672
7432
10129
11598
11293
9655
7135
11629
4586
1899
8268
4083
6324
8189
11591
11362
2480
3635
3166
167
4529
2549
7294
1162
4756
11607
11204
11038
9847
11627
6829
1982
2136
8803
10122
9698
1709
8784
2233
4910
8731
6012
8378
5696
5233
8658
9828
8991
931
1234
10016
1190
2802
5482
5102
8727
5804
4377
4045
4884
1445
3705
3092
10611
2850
348
11498
112
8306
9991
2245
3962
8813
8201
4648
4308
6650
11031
10466
11641
8871
11810
1491
4263
5104
6873
2038
4978
4543
110
4491
8501
3563
7338
2580
5297
10436
1821
5490
2912
11029
238
105
753
6531
1014
7436
10589
6402
6736
10055
3227
10604
3367
11008
4481
7329
2801
8854
10638
221
8668
2324
11815
8828
5865
8756
9677
1698
4431
11646
1421
3239
2020
4101
9826
7937
9586
7806
4479
6711
3575
10706
5308
135
3772
4268
10184
10520
10676
7192
3405
1435
9809
930
237
2579
2305
5861
923
5675
3443
465
6508
11703
3464
5371
4066
8862
7808
11107
1218
5415
6946
7728
9478
9650
6423
703
9199
7576
5683
9984
8645
4534
1482
6184
6425
9381
1775
8068
4290
8850
9433
10763
5147
8812
10689
6892
730
10629
6527
5959
2096
1790
5845
9129
11805
9212
778
3504
9444
6572
9870
8277
7347
3866
4160
1645
11331
6729
6452
5303
291
4882
5769
4685
8123
9781
301
3449
10073
6814
6455
4689
1046
7756
3000
1409
456
7209
5798
7390
3934
7986
7341
10425
1833
3783
8311
6366
8308
10286
554
2035
3661
1764
7850
4296
1826
4602
170
2567
5972
9752
1895
8977
5158
4108
8792
5966
4564
10811
10054
9599
9584
5180
5309
5167
351
11318
7155
4458
10813
5063
2216
11373
10001
4667
11426
11782
4675
4748
8486
8988
999
11454
683
516
6905
4424
2595
10096
2387
10404
8923
11694
9830
5538
582
4652
1807
7828
1795
23
10862
7953
10112
9807
645
6244
4184
3047
9562
1447
10059
10420
4422
10804
9380
11285
723
7018
3817
7780
6985
6806
487
9745
11693
3177
1578
6624
1960
7288
6760
9644
10214
1035
7717
10040
4552
5411
5097
8221
8916
5109
5232
3603
5314
8628
3521
4052
7232
3900
6002
4767
101
9351
2223
8002
1509
11394
9403
9671
4214
2964
994
5055
3247
3937
11624
307
9243
7915
4633
4597
10585
2237
1710
9178
1147
11222
3590
10667
9071
4445
9154
11196
1742
10729
5438
8014
5046
1237
772
11079
10172
7751
461
10011
1000
10342
2555
10679
1352
9561
2764
5369
11424
5894
4010
10525
8695
3446
4249
11218
814
3538
3287
5942
10893
2652
9404
2686
111
4550
9375
385
10267
1749
5960
8639
8839
7382
10289
9223
2118
9335
2458
4112
8287
3890
9602
4410
7610
5561
2897
7290
2179
204
6601
5820
1429
9352
1995
7992
5213
10262
7940
2465
2943
218
561
2243
1084
8239
1596
5765
5796
1048
7887
1621
4114
8384
10803
477
6398
5843
6451
2845
3862
11157
3407
2258
9322
4903
9125
8097
478
295
3655
3001
592
6994
2333
11735
8182
1324
2506
7906
4782
2618
8136
11728
6004
1467
8811
2629
9358
11212
1074
7988
7409
7911
322
7516
6152
10678
7479
1012
2204
9122
2122
3143
3384
6255
2759
3489
3194
4191
7589
10593
9024
5695
8716
5368
4059
10121
6251
1988
11396
5907
2719
6060
873
2366
10670
1670
4724
208
3707
911
6249
1209
6168
746
5934
8113
1892
8892
514
9349
203
8162
3969
864
10754
6037
357
10233
5529
1714
9957
1971
1154
332
4058
5002
7453
6420
6982
8371
4172
10199
9823
7237
10966
2105
1810
9597
10964
4507
1932
5979
8303
962
7339
5324
8373
3265
273
6645
10502
4306
131
1822
6415
11277
609
8986
5829
1643
10201
7594
8394
6906
7139
283
5077
2811
2260
8084
11089
3422
8023
7830
64
9720
11267
1351
6311
7122
3438
7528
9284
11151
4852
2271
4751
3794
7736
10614
395
10431
2132
326
6461
11712
3659
11135
7619
4412
1437
11747
6439
3085
9605
6200
8984
11840
5965
2405
520
752
7178
5748
10900
10508
9046
11141
5494
8978
8087
9821
11531
5296
7040
10519
3998
4505
9210
160
7034
4981
2463
8526
10705
11230
7141
5455
4003
7857
2815
2885
10157
10869
11437
7475
11530
7478
10093
1340
972
2053
6534
284
3207
8979
6790
5279
1140
2273
7943
6750
7054
4549
7643
3709
9505
9006
8656
2381
7820
2404
1638
11715
6802
9576
9209
870
2630
4682
9350
9621
6573
149
6436
6665
3643
1532
4707
11006
5779
7051
9342
6383
4408
4762
4795
3223
1362
5760
1226
11567
7331
5205
1857
8175
5493
4784
8915
2151
4814
3638
8319
10134
8223
459
6021
2796
5343
11364
9731
5935
7450
7769
6316
2639
7271
10489
11076
428
1757
3390
2320
6334
5032
5848
296
3694
9055
9174
5604
9304
4964
3353
7101
9968
9037
10913
10847
2301
9092
11077
5860
3764
9232
1171
11388
8989
2680
3031
10294
1412
6861
8353
6765
8048
2637
10759
979
3535
7039
1474
1355
11799
9964
342
4567
4838
1287
5477
3086
1091
11480
9793
10193
3025
2176
11595
5800
10102
8318
9845
1290
310
6160
11768
11213
8953
4032
11416
3735
9563
745
3729
9676
4759
147
10635
2621
9948
9053
3495
7316
2067
11149
3587
136
10391
11375
1515
658
2556
4497
1378
3688
6625
4280
5674
276
10956
10210
8894
6754
1523
8748
551
2551
2770
2373
4235
6170
9281
4442
2948
6593
9407
5361
866
10422
5433
6232
1805
3975
3231
1424
4874
7143
4539
3736
6026
8663
1454
9490
9087
2456
3534
172
5220
5594
10735
4488
1783
7321
7711
11047
6894
9264
3898
9369
3347
2683
5215
4636
6725
382
2838
10849
6375
3592
10631
10703
10843
1956
7847
11342
7882
7107
10005
6840
2293
98
1603
735
10020
37
5708
4100
9693
4225
1069
2117
7484
9484
2636
3259
9244
8767
4495
5532
2211
4358
7488
8018
4530
2088
8870
11722
5514
9734
5253
11727
2840
7930
849
10935
9022
10595
1841
3721
7779
4657
8595
5584
8997
2547
9439
10726
4519
2725
8383
1036
9127
8564
479
1939
3981
5047
10493
3895
3236
1462
1070
4360
9077
7632
9279
8563
4222
3511
258
1250
6940
11304
6283
2011
11651
1533
7203
8857
3279
4694
4959
7011
9532
6374
10149
9738
10221
1812
4990
4574
2924
3033
7753
6699
6993
4472
7573
2462
7229
812
11130
3370
383
696
8422
893
9333
5344
3528
7466
3338
2342
10139
6522
7798
7148
11669
3743
132
10628
2814
7239
1312
9955
5832
11428
11700
3392
356
11215
8176
6691
3880
7592
5185
3144
1090
10503
10973
4243
1694
474
330
5958
11367
10975
11026
1809
320
10710
6166
5534
9496
3667
9852
4037
4143
8786
220
10336
5197
5149
4580
7340
8310
9611
6189
5154
9142
1080
10944
7015
9259
9779
5949
8926
8115
7698
3642
11339
7682
3581
6837
7799
8652
9226
11844
5084
1893
4304
1785
10365
6349
10279
3728
34
10904
1931
11173
6909
1436
2127
5356
4642
3679
7870
6584
7789
3615
11226
726
9638
9157
1156
2459
691
2222
169
5809
8426
519
3331
9091
6690
1215
5395
8561
10821
5040
1682
2115
823
4006
4688
8934
8056
3798
4600
10392
7063
1958
4603
7464
4640
7181
2360
878
1830
9609
4976
7095
734
5547
2023
1145
444
4606
6150
2667
3913
1806
9772
7689
5535
3056
7818
8369
4706
2863
5545
8294
5481
3745
11042
1328
11131
7469
7896
1984
5871
8199
141
3237
9739
9517
9682
10265
8284
5496
11761
10932
8387
272
10532
9786
9383
1863
8080
9764
8774
5277
6937
6514
10908
4286
334
2175
2947
9750
4152
6540
8875
1672
7377
5544
2543
2473
3075
9694
9880
5383
1633
10987
5851
2965
1223
2509
7252
1880
1598
3724
10376
558
8179
4797
10647
3586
3140
834
3434
4420
5031
567
9896
8742
1943
4282
2619
7706
10917
8974
8138
5108
689
9099
2184
2317
3345
1922
2253
2006
8345
4895
4749
1319
9987
11313
11757
1778
1363
9712
7773
1813
3294
1247
404
10583
7311
9900
4332
1529
3045
9521
4991
7297
10140
4922
5404
6953
4380
7044
1879
10182
222
2448
2097
10693
901
8910
2449
981
6174
8180
7087
4783
7946
6467
7402
4961
3013
1747
11158
4669
1346
7670
6884
11118
10446
5023
7994
1333
1803
11490
6310
52
5406
5720
1456
11750
2398
6369
11328
7332
11084
2413
4361
2698
10640
4931
4702
155
5363
7221
11456
6117
2247
5827
6479
6109
9765
4754
5176
3078
3946
8743
8987
5507
1294
7560
10660
3526
6889
6215
7226
261
5735
8012
4183
898
8265
8248
3385
10144
2255
9531
6294
5006
2212
3062
946
3214
6111
2688
3927
10594
9411
1650
970
10455
8519
4369
4061
114
177
5034
4097
11628
5877
1978
2970
11404
4116
3676
6731
5258
8700
6900
6607
7020
625
6518
4559
2826
2304
4566
2218
7064
7513
9960
2483
4824
8962
10859
10797
4664
8560
9688
11264
8844
1517
4464
6468
9120
10272
7787
5812
5846
7389
201
7755
5672
11272
366
7395
8395
5732
9652
7567
1597
6019
3790
5367
2902
7588
8134
8906
8549
4200
10550
10101
8365
8228
7641
7622
9105
6841
10496
6714
7611
3228
9041
578
1307
3067
11793
3579
4518
515
6641
7093
1552
987
6429
11014
6739
953
11066
9110
7410
2261
9434
4816
6769
10319
7084
10108
6453
829
7836
11478
11587
11691
4230
5869
8309
682
9864
11649
10486
5435
7843
8159
11195
4252
10536
9891
840
6944
10187
4312
2447
7179
3005
2839
9414
3980
9059
9443
6955
7761
2171
10622
9943
5567
7081
4427
1703
7134
656
7754
6466
11104
11032
8099
8620
9910
4666
11280
9423
2858
4157
2134
7666
4331
71
792
11499
7398
2774
9550
3867
10612
11068
8981
9043
8546
4719
1054
7792
9400
4437
11556
4573
4789
80
8495
5163
8350
9649
8098
5227
10092
1808
11602
1754
1508
733
3252
8531
9685
8778
5821
9432
7703
3803
7283
10062
9258
11692
5991
1967
626
2856
6079
11517
7536
3932
3744
11247
784
2517
5527
8344
4068
3641
280
8956
6257
7665
10923
7574
2267
3662
7613
10728
5852
2481
589
6898
11125
949
4104
10546
81
4823
6914
1972
913
8913
4928
2692
5001
268
7132
8503
6410
6211
9574
11711
7966
11473
10680
11684
4241
3987
3903
7526
4105
8066
1219
6585
6344
5159
5688
7422
3868
28
6008
9834
10656
1417
6274
6598
8078
7022
4441
9344
1665
11630
10513
7950
10444
3107
1681
10049
6130
5216
5431
9066
1044
1282
1182
10346
6710
2760
4846
6756
1062
8280
8456
306
11524
6474
8405
10136
10868
217
2742
10417
4381
10451
10235
5988
11572
8776
3416
8453
8459
9601
5280
8404
4149
10307
421
8835
4099
8555
9353
10476
10826
3081
7319
5844
10412
10716
4254
4004
776
1165
3034
4591
10537
3692
5300
4285
6135
5707
5887
231
1844
6226
3201
3500
5689
3593
4077
168
3103
709
7010
7907
3609
8022
11468
9136
6458
3182
232
4307
10504
2450
8929
294
9784
2441
9523
3139
10740
11232
8680
10549
1847
9395
958
10113
5264
9678
3160
8946
7919
8600
97
1318
5251
10621
9376
8881
379
761
6609
9596
11080
7254
6139
3820
5497
2874
8144
4204
11435
10031
2045
8157
7174
2077
8822
3158
537
5553
569
8188
6651
533
10152
6069
2553
7811
4334
4467
7108
2640
10854
10653
3372
3072
11789
11297
9080
3375
8234
